0010010010000000000000000000000000000000000000000000
0000010010000011000100000001000000000000000000000000
0000110001100000000010000001101100000000000000000001
0000111011100000000010000001101100000000000000000001
0011010100000000000000000000000000000000000000000000
0000010010000011000100000001000001000000000000000000
0000110101100000000010000001101100000100000000000001
0000111010100000000010000001101100000100000000000001
0000101101100000000100000010000011000000000000000000
0000010010000011000100000001000010000000000000000000
0101100100010000000000000000000000001011110000000000
0101100100010000000000000000000000001011110000000000
0000010010000000100000100001100000000000000000000000
0000010010000011000001000001000000000000000000000000
0000010010000010000010000000010100000100000000000000
0000011100100000000010000000000000000100000000000000
0001010000000000000000000000000000111000000000000000
0001010001000000000000000000000000110000000000000000
0100100010100000110000000000000000000000000000000000
0100100010100000110000000000000000000000000000000001
0000010010000010110000100101100000000000000000000001
0000010010000010110000100100011000000100000000000000
0000010010000000100000100000010000000100000000000000
0000010000010000000100000000000011001000000000000000
0000010001010000000100000000000011000000000000000000
0001011001010000000000000000000000101000000000000000
0000000000000000000000000000000000000000000000000000
0000010010000011001000000000000000001000000000000000
0001011100010010010000000100000000101000000000000000
0001011101010000000000000000000000100000000000000000
0000010010000000101000010000000000001000000000000000
0000010010000011001000000000000000000000000000000000
1000000000000100000000000000000000000000000000000000
0001100001010000000000000000000000101000000000000000
0110100001000000000000000000000000000000000000000001
0000100000001000001000000000000000001000000000000000
0000101100000010000000001010000000000000000000011110
0001100101000000001000000000000000111000000000000000
0000010010000010000000001010000000000000000000101010
0000101011010000000000000000000000001000000010000000
0001101000000000000000000000000000111000000000000000
0101100100010000000000000000000000001011110000000000
0000110100100000000000000000000000000000000100000000
0000101000100010000000001010000000000000000000000010
0000100101100010000000001010000000000000000000000010
0001101101010000000000000000000000101000000000000000
0000010010000000000000000000000000000000000000000000
0001110011000000101000010000000000001000000000000000
0000000000000000000000000000000000000000000000000000
0111011101000000000000000000000000000000000000000001
0101100100010000000000000000000000001011111000000000
0000111100100010000000001010000000000000000000000110
0001110100010000000000000000000000101000000000000000
0111011001000000000000000000000000000000000000000001
0000010010000000101000010000000000001000000000000000
0101100100010000000000000000000000001011110000000000
0101100100010000000000000000000000001011110000000000
0101100100010000000000000000000000001011110000000000
0111010111000000000000000000000000000000000000000001
0111011000000000000000000000000000000000000000000001
0001111100010000000000000000000000101000000000000000
0101100100010000000000000000000000001011110000000000
0000111111000001001000000000000000001001000001000000
0101100110000010000000001010000000000000000000000110
